-5.853622182274193619e+01
-4.615961348831584132e+01
-9.586794878056906555e+00
-5.913484937845660738e+01
-9.754023604238767575e+00
-5.304914071915163731e+01
4.221956568291443546e+01
-6.472551899013573973e+01
6.433190889189083350e+01
-5.201010696773508357e+01
4.895928789579517115e+01
6.138178146005921576e+01
5.559998238808145743e+01
-9.916699302663769799e+01
-9.079292160288076730e+00
-3.841906262984139175e+01
-5.094923517072916752e+01
-7.344132988514000715e+01
-4.346726617739653875e+01
4.004108564563182426e+00
-3.069847123906856723e+01
2.704503711753085327e+01
-1.143621290332141740e+02
-2.181681538698927625e+01
-2.021579509991147461e+01
-4.042501334976478233e+01
-4.919646259859638349e+01
-3.887487840202851430e+00
5.178160557094278715e+01
-1.279588486700879457e+01
2.563569601823104449e+00
-5.828969547410565610e+00
1.486200049626765463e+01
-2.194211734839529981e+01
-3.737659555781962695e+01
3.868030700548305845e+01
-1.450673390555576248e+01
-3.718391186068168963e+01
2.601691592220606708e+01
-2.707091491605928013e+01
-2.060289226682701269e+01
-9.910098610295381150e+01
-5.108899474142137365e+01
9.700630996813350748e+01
1.088735795456088908e+02
-3.138177263236042336e+01
-9.906033075542160304e+01
-4.099339765828509030e+01
1.797965342195146832e+01
8.910906030037295977e+00
-9.228431316127691275e+01
1.320816281260889582e+02
4.477968180278253385e+00
-4.551788270638127187e+00
5.436590364328648661e+01
-3.816188128673113056e+01
1.635303769505304672e+01
-2.475225875449552859e+00
-7.172036378449615768e+01
-3.832470048377513194e+01
-1.025895972635964881e+01
1.783086825406215326e+01
-2.128368635171815981e+01
4.409813228554622810e+01
3.005918256759872520e+01
-3.448125218152807747e+01
6.950436447464477396e+01
-1.211317058220114262e+02
-3.839875275704545743e+01
-6.865695005844339960e+01
9.725431324359868768e+01
1.941375386650938140e+01
-3.141174084016796542e+01
3.529527763450064981e+01
-5.211915088113343586e+01
2.511830448247218328e+01
-7.704249901246770094e+01
4.688587268566899979e+01
2.283930688193379410e+01
-3.331905316255850380e+01
-1.652833773846060694e+01
-5.793890698012972962e+01
-9.397691291260258595e+00
1.051008119599723045e+01
2.195814841533803019e+00
-2.717918385258940361e+01
-5.237705407311958083e+01
-3.566113011531911070e+01
-1.336755841566315439e+01
-7.357791311259798306e+01
-8.728117229101101771e+01
-9.327774454345325239e+01
4.576940799238181512e+01
-2.975320204873492003e+01
3.686594287722300578e+00
3.305485417444515406e+00
9.112044324628953973e+01
-6.215817706951020227e+01
1.754591444780390930e+01
7.028199299781988429e+00
-1.663875423981286872e+01
1.553349854397754370e+01
-3.274707614557627267e+00
5.003195431934648241e+01
-9.351464075679245980e+00
-1.889002059324980110e-01
5.659402513314037719e+01
1.288592324219189322e+01
-5.652779304046191555e+01
4.708011255053420996e+01
-2.029543725463537385e+01
-7.348694448078995833e+01
7.685382671925367504e+01
-2.116136642412050151e+01
-3.183036794200546638e+01
3.837525327458831725e+01
1.275953580790553588e+02
3.306099575562998893e+01
-3.635867158408530031e+00
-7.082829626862151429e+01
9.313381913088477404e+00
-1.626351255258720130e+01
-9.643604737762497336e+01
-1.520906145369073670e+01
-6.359461425114147914e-01
-4.831758732208581364e+01
-6.517176390500756611e+01
-9.310843016875196554e-01
5.256760117945117372e+01
-2.901428086961735175e+01
-2.661720471422313494e+00
2.467532772606253388e+01
5.314652881276060725e+00
7.999175406110310860e+00
-5.207235534739101013e+01
-3.455132865191117730e+01
5.636902213771747938e+01
-1.478526171121662856e+02
-1.271912912864047485e+02
2.287601074097875653e+01
5.985072697742793935e+00
-1.226625335174105658e+01
-1.633942184559737143e+01
-9.652867752891532405e+01
4.457061989715674599e+01
-2.338694013707410591e+01
-1.788796073120431629e+01
1.084634316906183926e+01
-2.736943018930037397e+01
-3.220559845098281926e+01
1.668534024164370067e+01
-5.483301067535705897e+00
-2.558746375392499317e+01
-2.863066444661853893e+00
-1.319658477625497142e+02
-1.388655607206388254e+01
4.235199128915266442e+01
-2.779085636853483265e+01
-3.423391780185687594e+01
5.725440668329892446e+01
-1.860465406577188219e+01
1.074892401115075131e+02
-2.201328551020628765e+01
-3.254715646804956464e+01
5.079958239738061820e+01
1.061597339088606873e+01
-1.564804522935369846e+01
-8.528878736874503375e+00
6.614059477298891920e+01
-6.162137135401479782e+00
4.451688840645979894e+01
2.913229894338527970e+01
-8.041948493973811196e+01
5.313139249966332045e+01
-4.015441226692985310e+01
-8.564213060781582953e+00
-1.188992654330971277e+01
-9.546483139485455638e+01
3.670394555992692176e+01
-7.224187127240270456e+00
-3.222476582349571572e+01
-8.118113671683428834e+01
3.988660028447824857e+01
-1.200091087967729351e+02
5.047309068709773783e+01
4.072328225191239426e+01
-6.057452647792331391e+00
2.963234764105126828e+01
9.605058196053437314e+01
-3.673706512342715769e+01
8.347548201438894466e+01
-1.170938550260157740e+01
6.445105982927344712e+01
8.674466503659635919e+01
-3.340130696418196976e+01
1.394151903343424692e+01
-4.000783385095004974e+01
2.933550121908035635e+01
-3.946822385509679521e+01
-6.125798372281150250e+01
-7.816753379867787999e+01
1.484159141265888593e+01
2.842772959049287351e+01
3.981585227557729922e+01
-1.206346266629903994e+02
-6.822097678302468182e+01
3.037844315328715084e+01
-1.947509654981786298e+00
-2.244166609176977545e+01
-2.419933984365567881e+01
3.408022020972359201e+01
6.162418437522464387e+01
-6.763509574540611879e+01
-6.598965960256057883e+01
7.828862441187334298e+01
3.839893097115748333e+00
5.314728776994348891e+01
4.853765230609226933e+01
9.842543379571986861e+01
-1.506142179803234171e+01
-2.270970654645884679e+01
-1.745512872041632590e+01
3.205299757340830524e+01
-1.019773784108397621e+02
7.179298870015099965e+01
-5.495269598184535198e+01
3.254812436304436574e+01
-8.598045844576111563e+01
7.203417421141716659e+01
-3.496969537592505617e+01
-6.573171434252840584e+01
-1.047970029138402737e+02
-1.047562502087816938e+01
-7.028614724540904035e+01
-5.119514652066465032e+01
3.459075591802729832e+01
-3.404026998841101204e+01
-6.693591190350389297e+01
8.104559112231623885e+01
-7.175821431225926972e+00
-4.690472873476934978e+01
-3.054045609897030999e+00
4.070666711858291364e+01
-6.696109670026081062e+01
4.626006806695767182e+01
-6.125227633309378916e+01
2.072592796102227908e+01
-5.013947567143543438e+01
3.664095455031073811e+01
8.451895390627623783e+01
-5.166539537220054967e+01
-5.426749891834069217e+01
-8.787665091989504162e+01
-8.375906519655664795e+01
9.902910397754368432e+00
-8.761892263356287458e+00
-9.685197888551076062e+01
-2.262624466637845444e+01
5.423333643484971844e+01
2.422339037589875943e+01
8.985957945728870300e+00
4.315935827531063751e+00
-1.294985500941180590e+01
5.959641769529011412e+01
-1.715271194245724473e+01
1.843406696102448450e+00
-9.979050664542681659e+01
-1.381491880477672112e+02
8.060783781142612270e+01
-1.361877856273429188e+01
5.121830594721211583e+01
-1.654836625524771421e+01
-4.857850666175750121e+01
-1.217170876380458111e+02
-6.060253260175701939e+01
4.001188940537184635e+01
6.715233424674556773e+01
2.770809165213324832e+01
-7.797976942578974047e+01
6.495415400080892709e+01
3.190518602026233452e+01
3.013792087432386779e+01
-2.737810836375030021e+01
-9.028952758790528321e+01
-7.308561225146061702e+01
1.481947033909592051e+02
-3.281021029787041243e+01
-1.084177908689801626e+02
1.258929072008612593e+01
-6.536407722844333534e+01
-7.977729836194529867e+01
1.043007057201367616e+01
-2.121869969500920661e+00
-1.891487800890908488e+01
4.762602018949368698e+01
1.002275806433658545e+01
-5.782241238822027185e+01
7.313929418812057293e+01
-7.330409273860178132e+01
-3.194646288532621270e+01
-5.358766288033942260e+01
-4.636199239919926640e+01
-8.803326202420173274e+01
3.301089457706919461e+01
-1.107353119484043020e+02
1.298929493292678217e+01
-1.923667015165014504e+01
-4.393835799415677457e+01
-5.997800174655284877e+01
4.417200287157072580e-01
-7.659466909770175391e+01
-7.576498599683003476e+01
1.899683828889425286e+01
-8.518329466109453563e+01
5.808548796934849179e+01
-1.183273084009092031e+02
-6.714743407011386012e+01
-1.042506644883666951e+02
-4.475982130939237891e+01
-8.673043937344118604e+00
2.906369059573947311e+01
3.141038895988040736e+01
-9.326949909090818380e+01
6.354866926346545597e+01
4.854693601367631572e+01
-5.576373829730721354e+01
-4.829301443772919811e-01
-8.709743556423077848e+01
9.728639533930578409e+01
-7.004713962241881120e+01
2.321603124157124398e+01
-1.295175574507417195e+02
1.311934623854530173e+02
-1.007455658260908109e+02
-7.032027235780219598e+00
-2.433778903893468737e+01
2.332795564271259536e+01
-1.074680647497049790e+01
-6.522200977770103236e+01
7.873310886052581736e+01
-3.446998024148453510e+01
3.444995925038585938e+01
-1.106931105296780231e+02
-2.213694987305674999e+01
-4.084587902064117770e+01
-6.527339837270923795e+01
4.596779066944864667e+01
-7.859832813244230465e+01
2.848368874366505565e+01
1.213990612051292715e+02
-2.554581085899988580e+01
-5.784177235949152873e+01
2.778682235242200704e+01
9.135144308196009888e+01
-9.916600905861173487e+00
3.041135720460715675e+00
3.326391560548685788e+01
-9.850384694930957608e+01
-4.897063724847114941e+01
-2.677676781518192684e+01
-2.425701592835159204e+01
5.443930457354085206e+01
-1.246840024011120107e+02
5.693486398973004725e+01
2.488537075010950161e+01
-5.351589607761738421e+01
1.838032164108374786e+02
-3.614170354757357018e+01
-2.613250414430899582e+01
-3.729838288459089313e+01
-2.269402299936189138e+01
-7.097865620526019370e+01
-8.979338712364872777e+01
-8.327603063210545997e+01
-5.591694948379111452e+01
2.046865836883569045e+01
6.471631568746391849e+01
-3.520544165852811602e+00
6.806722038148109277e+01
-1.345562647651695443e+02
4.116938483815243899e+01
-2.421654770159250347e+00
-3.885156348602322396e+01
-7.539194387752256432e+01
-4.821288475635870441e+01
-3.494225253887748295e+01
-5.973544349232349759e+01
-2.025441805230377668e+01
2.477566655649513905e+01
-7.532177808383488582e+01
3.454858930172909481e+01
-4.397713634063507016e+01
-1.315511453402411064e+02
6.628176619666768943e+01
-2.061222923247805738e+01
-4.692172151048265505e+01
5.912151002340183936e+01
-3.271450683275472215e+01
-7.797517877080849757e+00
-5.095511207839905410e+00
-9.645445008261593500e+01
-1.750851038616170285e+01
-5.711926835379830436e+01
2.496920719938202637e-01
3.386731491969752028e+01
-1.543047673829128712e+02
-2.087940406050273623e+01
3.048926028387231213e+01
-5.137970887801733966e+01
-1.046573369271868614e+01
-1.945199885543482310e+01
3.293986236922526700e+01
-2.240785729616959543e+00
6.132782547101325576e+01
-8.171592336353000974e+00
-5.383789236054209937e+01
-4.443977277522728286e+01
-3.412673079053689662e+00
5.305468897730727917e+01
-4.817567540045598662e+01
2.189747449794191425e+01
5.055575349209692604e+01
-7.210256928088567463e+01
-3.138724905043503099e+01
-3.016715496638508398e+01
-1.925731599585049025e+01
-6.409577194993357807e+01
-4.394388617778929529e+01
6.181795457347149636e+01
-9.822524606483884213e+01
-7.608293670108213291e+01
-5.403145585994002431e+01
2.675699919544632621e+01
2.037248404291497650e+01
-7.819528528686117852e+01
7.582025629896480723e+01
-2.828789469267815093e+01
3.486840240881497266e+01
-6.694100688818532774e+01
6.034223861978082937e+01
2.252873856498493410e+01
3.067701803020298712e+00
2.456378874089307374e+01
4.695791125868379368e+01
-2.101978491976831265e+01
-6.538106025303932256e+00
-1.637817351265718457e+01
-5.357081709167675854e+01
-9.425959688715067841e+01
-3.283199080465681163e+01
-5.801976484665729572e+01
8.249641083712106138e+00
-3.276735444129468533e+01
-1.470819393967997257e+01
2.999320178468235554e+01
-5.611129392058492726e+01
1.282212488007169782e+01
-2.601783712619280209e+01
4.422459908750263935e+01
8.989969788496978254e+00
4.924357201632855663e+01
-1.064938372889747598e+01
-2.849335753515379110e+01
-5.020574121780032328e+01
-4.024597379642492001e+01
-6.963496030463517172e+00
-9.920935758227544454e+01
1.325965021461520905e+02
-9.190861899420461611e+01
-5.636899533362171155e+01
-6.906263992662756834e+01
-8.452317658615176299e+01
1.034189101626287766e+01
-6.828938840799818877e+01
1.233812285257988606e+01
5.689779100626253694e+00
8.764350429462569991e+01
-1.110259407918359500e+02
-3.699539671255013218e+01
5.892597567405135806e+01
1.792062221238106190e+01
-1.003225050069381865e+02
-1.661748050899038276e+01
6.551413455862930846e+01
-2.445825601874852850e+01
8.064081999407426338e+01
-9.926552973328634266e+01
-1.844322680197495856e+01
-3.332341598818402417e+01
2.345407209295666462e+01
-7.733770635962555673e+01
-5.115012611851958013e+01
-1.462060755305049042e+01
2.784514756061517460e+01
7.382413160302940014e+01
-4.253818620167862719e+00
4.990807033906142465e+01
-6.839910659525779124e+01
-5.011128168262894178e+01
2.380513451313319706e+01
-3.599814053786317913e+01
1.176806239828649154e+02
-3.519475198770399516e+01
6.560658316055017281e+01
-1.223913108336004143e+02
-2.478699771622629555e+01
-5.368395180179635418e+01
3.997186058165675604e+01
1.865626571717169213e+01
6.145715444475612799e+01
6.149335866687846419e+01
-4.285484047604498414e+01
-6.903496942554228610e+01
-6.256466158947205258e+00
5.303923118976086926e+00
-3.332595583643396253e+01
5.783196176346450557e+00
-3.676599940949370193e+01
-1.047175606048035519e+02
-1.779859110908108732e+01
2.929624837142284832e+01
1.648831143832217094e+01
-6.601605786889811611e+01
-2.172337513011208898e+01
5.600779602907522303e+00
9.449328966938423946e-01
-7.931381864874595067e+00
-1.177014379216942075e+01
-2.352661575975147912e+01
-4.942869509898847014e+01
-8.643455547590031074e+01
7.687170029214257738e+00
5.813467735710747775e+01
-7.114788180228330816e+01
6.006064969188912528e+00
-2.315104541392511805e+01
4.577192808386294587e+01
1.000663989961711877e+02
3.850573659025903339e+01
-3.240559800359727660e+01
-9.113760958459153017e+00
2.201409288174573931e+01
1.126199867762858275e+01
-3.744994089709595642e+01
-2.307898742972275841e+01
-5.141882220018553085e+01
-2.565080937626186142e+01
-3.717752830250378793e+01
-6.169843150372972218e+01
-2.362500921751484384e+01
-9.638900554295098289e+01
1.029093906463262442e+02
1.595405912253625047e+00
1.769840998416816547e+01
-4.570398725862787614e-01
5.503279759293343432e+01
-1.705524871845437929e+01
-5.028213134481973157e+00
1.003284408481536616e+01
1.090211887745425656e+01
-7.683308352099082583e+01
-1.076428987040767424e+02
-2.425627651003662777e+01
7.546898708577413117e+01
7.217294863280892514e+01
-4.551802166041551345e+01
3.388448352900815053e+01
-8.536236289752702078e+01
4.419115740247411850e+01
6.848938819150947666e+01
2.634775389424532932e+00
2.059515712853027480e+00
-3.165491230959554514e+01
-1.012563008433545519e+01
-1.030667703699362363e+02
-6.395065075146942490e+01
-5.399662889555125389e+01
-7.195395963865171041e+01
-4.997743100822111728e+01
-9.940817773256753753e+00
-1.489764945133119909e+02
-8.422029670363649245e+01
5.183416617455137043e+01
5.176679842146319288e+01
-5.093216084642889996e+01
1.123687456817037855e+00
-2.033765306170229792e+01
3.435039139399430042e+01
-2.657919195548856806e+00
-2.206336275275305070e+01
3.200036114115451369e+01
-9.671843131963679241e+01
-4.860015828721361686e+01
-1.855507743374030838e+01
5.319726265720481706e+01
-7.478054349061309836e+01
-4.598056845923844094e+01
-8.514366654109863930e+00
7.266849092187607084e+01
-5.316785699811973132e+01
-1.531978696555931947e+02
4.866245174048111721e+01
4.514184222647139677e+01
-1.013729817500093588e+02
-4.273999322506227827e+01
-1.662057440304280931e+01
-2.745276825989142822e+01
-1.399117038949569292e+01
8.845694084937912294e+01
-5.119985186550709955e+01
3.587093284088126666e+01
-2.597785646054191488e+01
8.763231429090171787e+01
2.138450348795132072e+01
-7.364292309907966683e+01
-2.554263795721291785e+01
-6.659805824247409589e+01
6.802936920081742755e+01
1.209430364915814948e+01
-2.492160287767495674e+01
-5.055803752108499793e+01
7.469504816402007918e+01
7.464959003167041374e+01
-6.431688846769581858e+01
2.104692870298077878e+01
2.075345801727976891e+01
-9.986676188017793265e+01
6.079993338097114020e+01
4.167831915106026486e+01
-5.183095991863751806e+01
-5.819647151656593564e+01
4.305304234778148498e+01
1.127385635932776040e+02
1.996093458919290242e-02
1.519922615560409440e+01
-4.739101727211408388e+01
1.637848805318861878e+01
-5.067317319632152817e+01
-5.871226614502424468e+01
-1.756116962365427980e+01
-3.385077150789325628e+01
-5.222975498363746283e+01
3.096798904389856943e+01
7.729731844476418701e+00
-1.146043721784834446e+02
1.845198612026962337e+01
1.298320204450209303e+02
2.793613107458611466e+00
1.786289201215066669e+01
1.059429480575575440e+02
-2.646661734302142577e+01
-1.814118078873585205e+01
-6.960135692647598660e+01
-9.106240140515869541e+01
-2.382655675738061518e+01
-3.395020315873944128e+01
-6.947780355914612471e+01
-9.592007990980962973e+01
8.099425618137388483e+01
-4.879422116045637381e+01
-1.867337068596805238e+01
6.397852576036467553e+01
-1.263668791965234703e+02
9.515985663290507546e+00
-7.189503014041576989e+00
1.477266262254896674e+02
-4.324303834462290297e+01
1.734672138225647586e+01
-3.745515893824796194e+01
-7.862201946709305389e+01
-1.551689053742748570e+01
-2.264487485373365416e+01
1.186848615715883284e+02
1.954910907542665655e+01
6.856176805579582378e+01
-1.944282217768528653e+01
-1.696365216751613048e+01
-2.213791980772509760e+01
-1.571149109044804959e+02
-5.030469115052704865e+01
-1.659213072882809854e+02
1.966145444187804969e+01
-1.295682055073930883e+01
1.373727400146404420e+01
-3.925587362647169698e+01
-6.373595887470742127e-01
-3.066750747899845919e+01
1.438708761525302293e+01
-1.224758946858747635e+02
-6.718446474187767592e+01
-1.549276700946322194e+01
-9.274994892403103108e+01
-9.352209466233705371e+01
1.043503937648804367e+02
-1.201189946666497121e+01
-5.704117122980250087e+00
-4.050435587068969312e+01
-4.238133646497431073e+00
-9.963325738005499943e+01
2.743094195602549235e+01
-1.190716421671238976e+02
-4.812593466523844654e+01
-8.947097821099444559e+01
8.620772214154965241e+01
1.029781195148404436e+02
4.339013943256401262e+01
-4.328570038930101305e+01
-2.932617179301672650e+01
-6.564170495180350429e+01
2.477916022393458206e+00
-8.579782089515028076e+01
-5.347698627643580949e+00
7.256124952462084821e+01
4.802741219714903309e-01
2.378756009798249238e+01
-1.281057799906255923e+01
-4.360895956072070589e+01
-6.935396175458868129e+01
-2.155689735223728576e+01
-5.411974003996061811e+01
1.815876140532901672e+01
5.561773746932692575e+01
-5.279816553085839814e+01
-5.417886773727786931e+00
-6.861502582439143794e+01
-1.035688709526311868e+01
-7.494363385034678515e+01
9.273481823893587261e+01
-4.728751133160329800e+00
3.173280110748737570e+01
-4.966300889575836663e+01
4.837704887256367670e+01
4.382083202098962715e+01
7.146790041110051561e+00
-1.768206645360493212e+01
-5.740776097413728962e+01
-3.788564332183199213e+01
-1.365010564851783101e+02
1.453744648697662569e+02
-2.628768214269172177e+01
2.932809433021012069e+01
1.399872477438396459e+02
-3.820313999797164684e+01
2.170201537653119317e+01
-6.045609871835125659e+00
-1.428376313519919449e+01
1.525136398819756778e+01
-3.554072973701997284e+01
9.470215400615961698e+01
9.801355783189421800e+00
2.071330181951469740e+01
1.087170932346292034e+02
-8.025709311344574814e+01
-3.433178300252458826e+01
-2.744252998798381782e+01
-9.956491226579828435e+01
-6.434210740582510368e+01
-4.397540098563692368e+01
1.452681406916656215e+01
-4.962112006414400867e+00
-8.060697418110277113e+01
-3.461249184607990514e+01
1.447981026354956384e+02
-4.642200874373838815e+01
4.471680104711296622e+01
-1.483384829716829358e+02
-3.344706349942262591e+01
-5.366712107914781882e+01
2.958851322062434974e+01
-9.603969210692267211e+01
7.758479643527766711e+01
7.675830785203038431e+01
-7.028791838804380632e+00
8.758916146323429075e+00
-4.986792636887844310e+01
-8.671724561668685283e+01
3.376082171696302225e+01
-2.032995755469535197e+02
-4.144933952817638101e+01
2.383955397109056662e+01
-5.664862411158011923e+01
-4.501237203820207355e+01
2.179447514188944979e+01
6.819407119173826004e+01
2.182409270430051151e+01
-5.572179090203849228e+01
8.755922822979664488e+01
-2.065252977869278084e+01
2.652379279307083948e+01
-7.714567329063504530e+01
9.966693678559579439e+00
-2.978196803663098535e+01
-2.114562748811573556e+01
-4.868289339164846297e+00
-4.031059181891851040e+01
1.735445715248272336e+01
1.144166619713101340e+02
-8.923664491964785839e+01
-7.896727566501748186e+01
2.940087416816624000e+01
8.492184257398491809e+00
-4.250956551344089007e+01
2.231056141672553395e+01
-3.249291084229034254e+01
6.199391363554065038e+01
1.291145360135721489e+02
-2.060659920478593676e+01
-2.695713665941354975e+00
-6.982229743991227622e+01
-4.853582029353407279e+01
-1.512614278886276509e+02
-9.350071444174062663e+00
-3.552941559289766360e+01
6.203042081916373718e+01
-2.880596365575786422e+01
-8.434109985421758893e+01
-3.280040573233830514e+01
-2.921709767452557571e+01
-3.919758637202983209e+01
-3.840335943102331839e+00
-9.509268284244035385e+01
-8.304925634855030125e+01
-8.908053014926144897e+01
-4.556592087041860850e+01
-5.057139437316209296e-01
-3.004851752486246141e+00
-1.047201430856378579e+01
4.256485073655142060e+00
-8.413744570200579176e+01
4.318150684812684403e+01
-3.401354394903700040e+01
-4.362547151923658362e+01
-2.031322915323721645e+01
-9.400740584856444571e+01
-3.344140245582346438e+01
-2.903597679677594101e+01
-3.192491603128635802e+01
5.280852556092926875e+01
4.415995680334785334e+01
2.444949745612490233e+00
-6.943772118622615608e+01
-4.884988650101769281e+01
-1.065570647357234719e+02
5.814512464352861798e+01
6.801299890363486611e+01
1.579938208068807626e+01
-8.193811675736418465e+01
-1.579601919639828793e+02
-4.217694963350507464e+01
6.503553822663366191e+01
-1.226336739430098532e+01
-4.506929711854775178e+01
-2.037156596018809296e+01
-3.009991741405042376e+01
-4.840006681804283062e+01
-4.003704732305948255e+00
2.846251747444162561e+01
-1.236646041789698245e+02
-1.630027172335826435e+01
-4.421859601930890449e+01
5.365368747697101526e+01
1.568573354632306405e+01
-2.830019256681981688e+01
-1.884663475988907066e+01
-1.164126568722394950e+01
1.256012663976696331e+01
-2.942471316536475001e+01
6.195328028675353949e+01
1.782209208074681328e+01
-5.648581900945717393e+01
3.437778779582072275e+01
-6.905137460237105529e+01
1.035410380341743348e+02
-9.898402035388293996e+01
7.502009000071467426e+01
-6.661807099401481480e+01
-7.730820163726104965e+01
2.958873128501352312e+00
2.702106593835139847e+00
3.770160728636633962e+01
-3.226552979033021984e+01
-4.526262107333525364e+01
1.699390613756995094e+01
-3.207529608128197651e+01
-9.418499959881273753e+00
-1.843930261646727331e+01
-5.004813398039630101e+00
-3.153171339762207026e+01
-3.438486549607779352e+01
9.780704924558841640e+01
4.172192326141330909e+01
1.882674642199702930e+00
-5.524988408379510929e+01
-5.979564475710441229e+01
1.074312943940000764e+01
-7.311946047436541107e+01
-2.184060225802426203e+00
-1.933003228458539695e+02
1.191828333425313531e+02
-9.640433898145886360e+00
-6.461615186286280732e+00
1.105883222796427390e+02
2.253674390858296306e+01
-8.285446993088648071e+01
6.437263294679951287e-02
-4.799528374719290014e+01
4.786331156420055777e+01
-5.726742931800774272e+01
-3.859747410124865041e+01
9.540538597862945380e+01
6.428204972998457833e+00
2.952694362433044262e+01
2.281481423408175147e+01
-7.293851983355835955e+01
3.874811558352678276e+01
-1.706168993464018513e+00
2.272585857058624015e+01
-2.536241668769557123e+01
-5.156849824617495415e+00
-3.419194893565790494e+01
-7.797831269624168726e+01
-1.177661800653828550e+01
-3.239500902810817706e+00
-8.863073257229567048e+01
-2.364206429879641291e+01
-2.315108601064281402e+01
6.931486939768376487e-01
-3.378871243151104409e+01
1.235177721617884572e+01
1.667656881204541719e+01
1.033558414332570692e+02
-1.706926600684198547e+00
4.331474471161243400e+01
1.820991927857582482e+01
-5.643828131306074170e+01
2.228624927287813762e+01
3.213415274281373968e+00
-6.460695112726661193e+01
-5.145550916672516450e+01
-8.205473325063508128e-01
-5.143248175102888808e+01
8.429615967062721893e+01
-1.917255336546310218e+01
-6.628775084598406409e+01
-5.719335828591414383e+01
-1.048868282179901001e+02
1.424385564321792685e+01
-6.109149640666822734e+01
7.174746234964669611e+01
3.018399017095077852e+00
-1.339325070879721125e+01
-1.842368348337868156e+01
4.445305532880894361e+00
5.019822282588137341e+01
-5.777850730031047988e+01
2.542747764120690590e+00
-6.078007906827508577e+00
3.516796784588458991e+01
8.922578090443198562e+01
-7.209943082941789783e+01
2.292608398520940227e+01
6.826046009542096726e+01
-2.810640695923893873e-02
-2.290109880788190821e+01
-1.207883727723125844e+01
-6.652316390608950769e+01
-2.515927752551453978e+01
-6.450424086152720804e+01
-4.425491150123929174e+01
5.242299632742418680e+01
-3.783116518056772293e+01
-3.401930895018020351e+01
-6.067534289419415927e+01
-6.510965067271891371e+01
-8.185539297826949223e+00
3.871319881202293800e+01
-7.389082854691950786e+01
1.488505126783617811e+02
-6.304779588505908805e+01
-4.709472014350873792e+01
1.826522592221681407e+01
-2.779544735522375731e+01
-5.635004722191581550e+01
9.061322903550166075e+01
7.157386820112975556e+01
-2.534243330682642181e+00
-4.786989096012248979e+01
8.280520338048916074e+00
-6.488771309966509193e+01
5.072401854745416472e+01
-4.744012067821068968e+01
2.533883316943533259e+01
3.992972613477095933e+01
-1.944172997559181226e+01
4.679115954959965507e+01
1.691528466001685160e+01
-5.686659500231058928e+01
3.042978722174561312e+01
-1.569594953344213195e+01
-7.649934986335830445e+01
