3.809342
-4.838665
14.494377
-0.676594
10.606433
-18.508182
18.555724
-5.447098
27.788006
18.455616
33.246525
15.009680
25.011640
-12.086482
19.771016
7.558603
6.738889
-19.500772
13.849246
21.078078
18.033504
22.001950
-2.652837
22.811274
9.112762
-7.535310
6.424875
6.748040
36.650554
9.055886
19.724106
11.037791
18.570325
8.848253
0.242230
29.216581
15.576087
8.256153
30.616691
6.225530
17.058971
-16.885646
9.433333
40.338679
40.522455
2.020100
-20.409067
-0.234632
6.456685
19.711191
-15.182144
51.606127
14.619853
10.908506
26.657919
5.446055
17.229541
19.740557
-8.152201
6.178970
14.089664
9.783624
5.710970
22.921341
20.081657
10.161097
33.092970
-18.799204
-4.111066
0.101949
40.472189
18.743740
6.589684
27.937850
-4.873748
36.300875
-3.471274
27.782366
6.237759
3.999476
17.809257
10.442862
16.739820
-8.874514
27.110431
13.011979
4.538556
-8.660499
8.742047
0.689579
-18.068699
-14.319418
19.517651
14.756621
22.164755
19.320417
37.654335
-5.036940
19.931943
20.879991
8.915297
-2.006295
-0.784415
24.473829
0.140057
21.841682
32.253020
12.476950
-3.470296
15.744812
11.273028
-2.689643
33.966449
18.697858
13.936493
12.232508
42.982136
23.624412
1.708677
-10.178279
1.948864
9.705385
-7.475438
17.821099
14.553009
2.862036
0.381337
11.532056
34.473602
12.163183
15.126602
21.636271
17.899382
8.384124
3.761955
-5.710860
17.735762
-23.834137
-8.245375
22.394734
27.547629
14.295126
8.498122
-17.098855
24.735323
17.023765
19.315251
16.584375
3.807903
16.704028
14.847597
18.547848
14.667044
5.811847
-14.887340
23.418673
18.416940
-2.990304
-4.318998
30.242225
8.004780
46.997319
-1.620646
9.486402
31.320097
16.841690
8.679060
-3.867196
23.020364
11.394848
15.262731
17.870733
-5.367730
20.868567
16.571963
17.273689
-5.135736
-0.378452
23.852091
18.927938
3.316492
-5.702762
20.765326
-5.696314
23.294143
21.034252
-0.527518
14.562176
37.490692
8.198673
34.894221
8.651824
32.578036
31.110213
8.690619
23.248891
-6.844647
17.412106
1.207035
3.009439
-4.628241
3.994359
22.292554
15.312707
-5.125589
-5.896295
7.875812
13.557199
16.243218
1.105393
24.352654
36.134906
0.358452
12.960711
30.681056
9.425816
31.684686
14.300490
23.270658
7.853335
8.156871
5.617735
23.789814
-10.614962
32.459976
4.006784
13.836437
-15.507537
29.034647
-4.438758
5.428527
-22.741865
17.002417
3.618483
-9.358167
27.794341
6.314463
0.287123
22.141063
7.982557
17.460762
11.482958
30.952316
-2.699235
27.133681
-5.850930
18.802201
13.656372
15.879269
23.111359
-4.976697
-1.309084
5.261883
7.280255
16.045166
9.377979
-7.907908
10.980418
28.063779
25.693782
14.177118
4.993928
-7.258146
19.779561
17.212916
14.384876
-9.507378
-16.346101
28.556242
5.609122
23.051166
22.458784
2.130291
-25.229614
-5.726647
28.394421
30.911079
12.001518
2.337030
26.371222
27.922917
3.823623
-4.329213
0.253207
-15.198873
34.737811
6.802981
-8.667631
18.965160
-5.959808
-14.925131
10.388797
11.053296
29.841015
30.600127
19.377468
11.890060
59.710026
1.288432
20.427941
11.310622
13.381681
-9.129790
14.551808
-17.356204
0.744599
5.761654
5.787090
-8.453668
8.074488
-6.447288
-1.247082
13.189590
-28.340664
29.505536
-4.097574
-8.099686
-13.903150
14.720480
5.888428
22.326224
6.755240
-7.034790
39.027127
26.494363
4.483150
6.604870
-12.633398
41.388828
0.383085
12.892327
-29.463635
43.347167
-4.761613
13.414836
6.509988
-5.938069
9.412390
10.603133
20.560360
16.597822
31.692226
-16.658922
8.696276
2.561919
2.716001
23.803620
-6.107784
26.363431
30.381053
1.386270
-6.537359
27.161451
44.782122
13.880569
5.415025
28.072378
-18.801988
8.970644
0.419403
15.387682
23.485782
-10.938475
24.658340
9.112217
-9.860482
45.230855
-1.856589
24.327940
-2.592142
0.010715
-16.632243
-10.116533
-10.589820
-0.340862
22.662863
32.298084
14.155123
37.185909
-18.514230
24.433126
7.323567
16.590627
-17.555408
7.766525
7.498931
-5.155868
3.981530
24.911477
-3.463415
24.368510
8.371467
-8.366024
19.368107
22.018054
4.924240
21.915181
-6.453147
25.109044
-1.700854
-11.595835
10.930187
-7.425492
14.324836
2.804747
-18.787172
6.158012
19.234856
-4.433853
11.478536
8.456198
18.806929
11.279383
22.324322
19.151504
-7.410471
6.900695
0.978845
31.631253
-7.166988
19.656647
25.099046
-15.505614
3.133379
14.044697
23.848108
17.013728
-0.272351
26.958783
-0.731081
7.575048
7.565193
15.947305
23.478142
-15.675300
41.798066
0.465275
24.719732
3.643601
31.990606
10.479333
12.173973
19.563975
24.771969
12.048645
-6.577884
19.854760
5.324543
-3.596642
8.788067
-0.042791
23.538645
1.270372
15.490048
27.532526
-7.868415
16.472271
1.990898
29.148190
16.135706
28.079681
18.776692
9.928831
9.937058
-0.914144
12.973298
-7.193033
32.995343
-2.577986
0.294612
-18.173981
4.193570
21.422818
-11.123386
25.536877
21.598225
34.108142
-7.860746
0.020390
30.257337
14.115580
-1.970802
8.133561
33.694385
6.489852
30.995374
-7.449716
31.821008
17.098572
31.742975
-2.246866
1.409107
5.661857
21.819359
36.436422
14.904545
23.387751
-1.865850
4.002075
26.725164
-6.174356
30.587021
15.882913
37.656263
-17.855968
2.403982
7.403217
28.690170
21.847470
21.550079
47.985153
0.446830
3.890040
8.237725
23.208287
9.532513
22.993018
4.971475
0.029106
26.582924
18.119283
9.318800
-3.300457
3.757019
9.756270
5.048541
19.775790
10.837775
4.243599
-5.849349
-8.341999
10.883168
24.620677
-9.604701
5.490068
13.062741
36.655941
41.835959
21.475507
7.671623
10.242995
23.474492
11.633708
12.680281
11.603151
4.910474
7.924510
12.376458
-4.034235
15.190419
2.356417
36.066446
19.499488
25.208431
0.460091
35.556801
7.826107
30.730436
12.528034
4.820378
-0.848710
-3.760927
9.294634
30.976943
30.624701
18.594401
27.634523
-10.328971
28.547024
20.032586
3.961181
12.112179
12.066238
14.869380
-7.049409
8.601311
14.804002
4.626664
-8.469720
15.651702
-26.856397
-5.196783
19.544955
26.613671
-0.656845
12.355266
-1.834035
24.503377
6.029547
6.465582
17.375457
-14.589658
-0.691258
7.712372
37.943405
-13.635312
-3.163183
9.490728
26.202597
-2.312597
-15.491014
30.503146
25.508712
-6.515331
18.755273
19.271794
7.385225
10.516584
36.126496
3.770647
6.388146
2.499835
43.886837
19.448405
-3.047111
-1.485873
-0.534369
21.780394
11.850171
7.833448
0.104526
18.028215
41.359631
7.586185
8.085727
14.297690
-8.395914
18.231135
31.778338
9.262097
4.775409
16.959111
52.643496
-15.322000
11.121904
-0.724174
14.146035
2.675051
18.692886
6.647644
8.052263
-7.258918
14.965467
11.528980
-4.082205
21.201256
43.841433
8.143278
15.827196
62.360534
5.150476
7.360095
-8.941914
-7.147906
7.402650
4.397863
0.025990
-14.304574
41.023543
6.414029
8.702811
29.101596
-12.261975
15.647842
3.638629
42.822044
-10.910604
23.979828
5.792372
-9.972070
6.523857
11.624891
36.825905
14.998296
27.343825
4.486280
16.501951
26.802914
-25.318848
-0.259046
-18.769049
11.411581
1.116664
27.855634
4.231791
23.848802
3.465081
24.703540
-12.784976
10.809489
15.447641
-12.935476
-8.542010
43.735240
15.746082
6.402415
1.768062
11.001089
-6.227153
29.131201
-7.778520
17.630695
-6.853584
30.137678
51.838085
29.297803
-3.107568
1.449643
-3.868042
15.052045
-14.066234
23.431841
28.289424
6.894963
12.762866
-10.615354
1.243101
-9.345459
18.728107
-3.038338
22.914897
39.224788
21.169413
21.219467
-3.455403
23.043206
-3.442792
38.980608
21.498942
14.042117
7.868892
30.464746
21.733409
13.739497
4.690146
4.936215
10.671185
-21.848904
43.864474
8.104446
18.628225
48.673739
-0.953347
25.062060
8.216545
31.930098
22.101471
8.215866
32.361027
28.087738
16.862772
35.780943
-13.017854
8.524303
6.007448
-5.909105
-0.578627
-5.228338
15.966144
13.905008
-2.540419
-4.954346
57.700669
6.771001
23.305485
-14.949020
11.397597
-8.895220
29.740976
-14.119696
33.268345
51.446147
21.107626
4.066854
-6.697784
-2.305240
24.969540
-28.845900
13.761110
22.391714
2.122140
10.943889
11.711944
30.711300
20.734873
-8.708041
30.719493
17.817844
26.083099
-19.801270
12.572069
12.671186
-2.355500
16.103746
31.696575
17.483586
47.452994
-11.689211
-3.871785
28.405666
33.400341
0.635611
6.398256
24.108158
17.848550
39.884628
9.462768
5.215030
2.177446
3.115909
-31.269176
23.561854
12.599044
28.378659
0.769427
-6.731991
-4.823668
14.982207
5.671962
-6.570716
-1.778983
9.752486
-12.763055
3.454764
13.096665
-4.727557
9.468722
13.754605
-2.636211
26.290458
7.728422
6.581774
1.218198
-11.367615
5.759799
17.437954
9.472810
27.206721
20.917412
8.789066
3.821860
-17.246138
-16.943592
32.360466
21.728796
27.068764
-0.477123
-28.008423
-4.762963
35.858080
13.860084
-6.180077
10.802109
4.293093
-0.702969
9.055233
6.872498
-32.876628
5.339326
-0.630887
29.635179
18.552896
4.846469
5.805438
-2.407890
22.416660
4.776933
24.048097
13.091433
-2.600186
38.359289
5.739278
30.926620
-13.594498
28.718493
4.534267
7.003561
23.766716
9.654660
14.777823
21.756109
-2.812557
16.026061
7.848202
-5.414020
-4.006056
3.799527
-11.430462
1.469254
26.386871
19.849279
17.087598
-13.980960
7.743845
16.028009
2.184785
16.661566
-45.905449
29.528915
5.930365
2.277291
42.278570
16.972032
-0.799618
14.098005
-5.228155
21.120472
0.248844
13.282273
40.257544
11.571046
23.565520
20.437427
10.155359
25.558373
18.378606
11.831654
-5.126064
8.986763
14.087072
-0.053344
-0.528599
7.172634
-5.159727
10.718200
21.304868
30.990762
4.768400
19.352827
14.846283
36.612616
2.484147
29.951633
17.704597
6.388855
26.184935
20.411451
1.194010
-7.896432
9.070118
-4.727761
55.739457
11.701252
0.202178
8.579186
-11.201420
15.659816
2.893919
28.575869
16.506639
9.203684
12.524119
20.323575
29.723155
0.077912
18.676339
14.187017
38.751060
39.402635
-11.019550
10.116125
32.118525
15.759842
7.849877
-2.783722
-4.219403
1.894428
2.459011
6.449107
17.538757
9.683362
8.427803
4.094098
-2.662442
18.660269
15.848629
-7.701325
35.771173
0.125253
-12.223210
34.149385
11.359514
1.130894
38.868805
21.689167
7.763022
17.035367
15.234519
-0.715157
30.365085
5.065719
14.803463
28.583886
21.944212
23.086156
17.638510
8.494918
7.173068
15.185881
-8.118449
